3
4
5
7
8
9
21
50
54
58
60
61
62
64
68
69
70
73
75
79
83
84
85
86
87
88
89
90
91
92
94
95
96
97
102
104
109
111
113
114
115
117
118
120
122
125
127
129
130
131
132
133
134
135
136
138
140
142
143
145
146
147
148
150
151
153
154
155
156
157
158
159
160
162
163
164
166
167
168
169
170
171
172
173
174
175
176
178
179
180
181
182
183
185
186
187
189
190
191
192
193
195
196
197
199
200
201
203
204
205
206
207
208
209
210
213
214
215
216
217
218
219
220
224
231
232
234
235
243
244
245
248
249
250
251
252
253
254
255
256
257
258
259
260
261
262
263
264
265
266
267
269
270
271
