0
1
10
11
15
18
21
22
24
25
26
27
28
29
31
32
33
34
35
38
41
42
43
44
47
52
57
62
68
72
73
74
81
84
85
87
88
89
90
91
92
98
99
102
103
104
105
106
110
112
113
117
123
127
129
132
133
134
135
136
137
139
148
149
150
152
159
160
162
163
176
179
181
184
187
189
190
191
192
194
196
197
201
202
203
204
206
207
208
209
211
213
214
215
216
217
219
223
227
228
229
230
232
233
236
237
238
239
241
242
243
244
245
246
248
249
251
252
253
254
256
257
258
260
261
262
263
264
266
270
271
273
279
281
284
286
287
288
289
291
293
294
295
296
297
298
299
300
303
304
305
307
308
309
311
312
313
314
315
316
317
318
322
323
324
325
326
327
328
331
332
333
334
335
336
337
338
339
341
342
343
344
345
346
347
348
349
350
351
352
353
354
356
357
359
360
361
362
363
364
365
366
367
368
369
370
371
372
373
374
375
376
377
378
379
380
381
383
384
386
387
388
389
390
391
392
393
395
396
398
399
400
401
402
403
404
406
407
408
409
410
411
412
413
414
415
