3
4
5
7
8
9
12
13
14
17
19
20
23
30
36
37
39
40
46
48
49
50
51
53
54
58
59
61
63
64
65
67
69
70
71
75
76
77
78
79
80
82
83
86
93
94
95
96
97
100
101
107
109
111
116
119
120
121
122
124
125
126
128
130
131
138
140
141
142
143
144
146
147
151
153
154
155
156
157
158
161
164
165
166
167
168
169
170
171
172
175
177
178
180
182
183
185
186
188
193
195
198
199
200
205
210
212
220
221
222
224
225
226
231
234
235
240
247
250
255
259
265
268
269
272
274
275
276
277
278
280
282
285
292
301
302
306
310
319
320
321
329
330
340
355
397
405
