# from Cuevas-Otahola 2021MNRAS.500.4422C
ID R_g gamma gamma_minus gamma_plus R_c Rc_minus Rc_plus R_h Rh_minus Rh_plus R_t Rt_minus Rt_plus Mbound_M_ratio rho_0 rho_0_minus rho_0_plus Sigma_0 Sigma_0_minus Sigma_0_plus M M_minus M_plus L L_minus L_plus rho_h rho_h_minus rho_h_plus I_h I_h_minus I_h_plus sigma_p sigma_p_minus sigma_p_plus Reff_ini_Rjac_ini
D1	0.70	2.73	0.03	0.04	0.57	0.03	0.05	1.67	0.09	0.15	31.67	0.14	0.29	0.94	4.99	0.03	0.04	5.06	0.15	0.19	5.68	0.13	0.28	6.57	0.13	0.28	4.39	0.01	0.06	5.32	0.01	0.06	13.35	0.14	0.29	0.04
D4	0.70	2.97	0.13	0.15	2.68	0.28	0.31	6.18	0.20	0.23	7.42	0.54	0.58	0.57	2.61	0.12	0.13	3.35	0.13	0.14	5.24	0.34	0.36	6.13	0.34	0.36	2.25	0.56	0.59	3.75	0.56	0.59	3.78	0.45	0.48	0.20
D7	0.88	2.37	0.05	0.04	1.62	0.11	0.06	11.71	0.31	0.23	9.61	0.49	0.25	0.46	2.66	0.08	0.07	3.18	0.06	0.05	4.93	0.46	0.23	5.81	0.46	0.23	1.10	1.58	0.74	2.88	1.58	0.74	2.73	0.47	0.24	0.30
D8	2.61	3.39	0.02	0.02	2.21	0.04	0.04	4.07	0.02	0.02	11.76	0.07	0.07	0.85	2.33	0.05	0.05	2.98	0.07	0.07	4.62	0.04	0.04	5.51	0.04	0.04	2.17	0.04	0.04	3.49	0.04	0.04	2.29	0.06	0.06	0.06
D10	0.80	2.40	0.04	0.06	1.42	0.08	0.10	8.96	0.22	0.32	12.75	0.34	0.43	0.56	3.15	0.07	0.09	3.61	0.06	0.07	5.22	0.32	0.40	6.10	0.32	0.40	1.74	0.80	0.99	3.40	0.80	0.99	4.24	0.33	0.42	0.26
D14	1.12	3.89	0.07	0.06	2.34	0.10	0.08	3.71	0.06	0.05	4.44	0.20	0.16	0.59	2.10	0.08	0.08	2.78	0.12	0.11	4.41	0.06	0.05	5.30	0.06	0.05	2.08	0.04	0.03	3.36	0.04	0.03	1.74	0.15	0.12	0.14
D15	0.87	3.44	0.16	0.24	2.58	0.25	0.36	4.66	0.15	0.23	5.29	0.46	0.65	0.56	2.29	0.12	0.15	3.02	0.15	0.18	4.79	0.19	0.26	5.67	0.19	0.26	2.16	0.18	0.25	3.54	0.18	0.25	2.42	0.35	0.50	0.17
D17	1.01	2.93	0.09	0.11	2.41	0.18	0.20	5.75	0.15	0.17	6.82	0.36	0.38	0.56	2.21	0.10	0.11	2.91	0.11	0.12	4.72	0.24	0.23	5.61	0.24	0.23	1.82	0.35	0.33	3.29	0.35	0.33	2.21	0.30	0.31	0.19
D18	1.66	2.90	0.04	0.05	1.58	0.06	0.06	3.87	0.07	0.08	10.58	0.15	0.15	0.78	2.43	0.08	0.08	2.94	0.10	0.10	4.40	0.11	0.10	5.28	0.11	0.10	2.01	0.09	0.07	3.31	0.09	0.07	2.03	0.13	0.13	0.10
D23	3.75	3.43	0.03	0.01	1.01	0.03	0.02	1.83	0.04	0.02	37.77	0.09	0.04	0.99	3.71	0.06	0.03	4.03	0.10	0.05	4.98	0.05	0.03	5.87	0.05	0.03	3.57	0.00	0.00	4.54	0.00	0.00	5.78	0.07	0.03	0.01
D24	1.81	3.95	0.09	0.08	2.55	0.12	0.10	4.01	0.07	0.06	5.90	0.23	0.20	0.68	2.08	0.09	0.09	2.80	0.12	0.12	4.50	0.07	0.06	5.39	0.07	0.06	2.07	0.05	0.04	3.38	0.05	0.04	1.81	0.17	0.15	0.09
D28	0.81	2.55	0.03	0.05	2.18	0.08	0.12	8.66	0.11	0.17	7.68	0.24	0.33	0.47	2.41	0.06	0.08	3.05	0.06	0.07	4.93	0.20	0.28	5.81	0.20	0.28	1.49	0.52	0.71	3.14	0.52	0.71	2.61	0.22	0.31	0.30
D31	1.25	2.57	0.09	0.11	2.21	0.23	0.26	8.41	0.29	0.35	7.37	0.60	0.68	0.47	1.98	0.11	0.12	2.64	0.10	0.11	4.51	0.51	0.57	5.40	0.51	0.57	1.12	1.24	1.37	2.75	1.24	1.37	1.62	0.56	0.63	0.26
D32	1.69	3.04	0.05	0.05	2.11	0.08	0.08	4.65	0.07	0.07	8.59	0.17	0.16	0.71	2.14	0.08	0.07	2.77	0.10	0.09	4.44	0.10	0.09	5.33	0.10	0.09	1.82	0.11	0.10	3.20	0.11	0.10	1.81	0.14	0.13	0.11
D35	1.03	2.41	0.04	0.04	1.37	0.08	0.09	8.26	0.22	0.22	10.16	0.34	0.39	0.54	2.69	0.07	0.07	3.14	0.06	0.06	4.70	0.32	0.37	5.59	0.32	0.37	1.33	0.73	0.88	2.96	0.73	0.88	2.41	0.33	0.38	0.27
D36	0.81	2.86	0.14	0.14	1.72	0.23	0.21	4.37	0.27	0.26	8.05	0.55	0.49	0.68	2.69	0.13	0.13	3.23	0.16	0.16	4.77	0.40	0.34	5.66	0.40	0.34	2.23	0.40	0.33	3.58	0.40	0.33	2.91	0.48	0.42	0.17
D37	2.23	3.14	0.07	0.06	2.83	0.13	0.12	5.85	0.08	0.08	6.08	0.23	0.22	0.52	1.46	0.08	0.08	2.22	0.09	0.09	4.12	0.12	0.12	5.01	0.12	0.12	1.20	0.17	0.18	2.68	0.17	0.18	1.02	0.18	0.18	0.14
D38	1.14	2.58	0.06	0.07	2.02	0.13	0.14	7.53	0.19	0.21	5.21	0.35	0.35	0.40	1.74	0.09	0.09	2.35	0.08	0.09	4.14	0.29	0.29	5.03	0.29	0.29	0.89	0.61	0.60	2.47	0.61	0.60	1.10	0.32	0.33	0.30
D40	2.03	3.38	0.04	0.06	2.56	0.05	0.11	4.72	0.04	0.07	7.19	0.10	0.20	0.67	1.90	0.06	0.08	2.62	0.07	0.10	4.39	0.03	0.09	5.27	0.03	0.09	1.74	0.03	0.09	3.13	0.03	0.09	1.55	0.07	0.15	0.10
D42	1.71	3.10	0.10	0.09	1.87	0.15	0.13	3.96	0.14	0.12	7.15	0.31	0.27	0.71	1.97	0.11	0.10	2.56	0.14	0.13	4.11	0.18	0.16	4.99	0.18	0.16	1.69	0.15	0.13	3.00	0.15	0.13	1.35	0.26	0.22	0.12
D44	1.84	2.87	0.19	0.21	2.70	0.42	0.45	6.79	0.33	0.36	8.90	0.82	0.86	0.59	1.93	0.14	0.15	2.67	0.15	0.15	4.60	0.54	0.56	5.49	0.54	0.56	1.48	0.99	1.03	3.03	0.99	1.03	1.76	0.69	0.73	0.14
D48	1.39	2.70	0.05	0.07	2.51	0.14	0.16	7.65	0.12	0.16	7.85	0.32	0.37	0.51	1.97	0.08	0.09	2.68	0.08	0.09	4.60	0.25	0.28	5.49	0.25	0.28	1.33	0.55	0.61	2.93	0.55	0.61	1.76	0.29	0.33	0.20
D49	2.84	3.49	0.05	0.03	2.26	0.08	0.04	4.00	0.05	0.03	8.54	0.17	0.08	0.79	1.91	0.08	0.06	2.58	0.11	0.08	4.22	0.08	0.04	5.11	0.08	0.04	1.79	0.07	0.03	3.10	0.07	0.03	1.42	0.13	0.06	0.07
D50	0.86	3.85	0.06	0.10	1.71	0.07	0.11	2.75	0.05	0.08	11.97	0.15	0.23	0.94	3.62	0.08	0.10	4.17	0.13	0.16	5.53	0.05	0.08	6.42	0.05	0.08	3.59	0.01	0.01	4.74	0.01	0.01	8.12	0.11	0.17	0.06
D51	2.20	3.99	0.20	0.24	3.94	0.32	0.39	6.13	0.12	0.15	5.53	0.55	0.67	0.45	1.80	0.12	0.13	2.71	0.13	0.14	4.78	0.14	0.17	5.67	0.14	0.17	1.79	0.21	0.26	3.29	0.21	0.26	1.71	0.40	0.49	0.09
D52	1.42	3.07	0.08	0.05	3.36	0.18	0.12	7.25	0.10	0.07	5.12	0.29	0.22	0.36	1.58	0.08	0.07	2.42	0.08	0.07	4.48	0.15	0.13	5.37	0.15	0.13	1.28	0.30	0.26	2.85	0.30	0.26	1.31	0.23	0.18	0.20
D54	2.91	3.16	0.02	0.05	2.10	0.02	0.09	4.30	0.02	0.07	9.58	0.05	0.18	0.77	1.86	0.04	0.08	2.49	0.06	0.10	4.13	0.02	0.10	5.02	0.02	0.10	1.61	0.02	0.09	2.95	0.02	0.09	1.30	0.04	0.14	0.08
D57	2.24	2.99	0.07	0.06	3.19	0.15	0.15	7.27	0.10	0.09	6.74	0.27	0.27	0.47	1.46	0.08	0.08	2.27	0.08	0.08	4.31	0.15	0.16	5.20	0.15	0.16	1.11	0.29	0.33	2.68	0.29	0.33	1.13	0.22	0.22	0.15
D58	2.64	3.02	0.03	0.05	2.21	0.05	0.11	4.92	0.04	0.08	8.24	0.10	0.22	0.68	1.67	0.06	0.08	2.33	0.07	0.10	4.04	0.06	0.14	4.93	0.06	0.14	1.34	0.07	0.18	2.74	0.07	0.18	1.10	0.09	0.19	0.10
D59	2.05	2.63	0.03	0.04	1.65	0.05	0.09	5.61	0.08	0.12	11.26	0.15	0.28	0.67	2.19	0.06	0.08	2.72	0.07	0.08	4.31	0.13	0.24	5.20	0.13	0.24	1.44	0.18	0.37	2.90	0.18	0.37	1.61	0.14	0.26	0.12
D61	2.70	3.15	0.06	0.04	1.89	0.10	0.07	3.88	0.08	0.06	7.47	0.20	0.14	0.73	1.65	0.09	0.07	2.24	0.12	0.09	3.78	0.12	0.08	4.67	0.12	0.08	1.39	0.10	0.07	2.69	0.10	0.07	0.94	0.17	0.12	0.09
D66	1.77	2.77	0.05	0.04	2.39	0.10	0.08	6.65	0.10	0.08	11.10	0.20	0.16	0.65	2.21	0.07	0.07	2.90	0.07	0.07	4.75	0.14	0.11	5.64	0.14	0.11	1.66	0.25	0.20	3.19	0.25	0.20	2.23	0.18	0.14	0.12
D67	2.33	3.87	0.12	0.12	3.14	0.18	0.20	5.02	0.08	0.09	4.22	0.32	0.36	0.42	1.34	0.10	0.10	2.16	0.12	0.13	4.04	0.09	0.12	4.93	0.09	0.12	1.32	0.10	0.14	2.73	0.10	0.14	0.88	0.24	0.27	0.12
D69	2.47	2.52	0.04	0.02	1.22	0.07	0.03	5.19	0.16	0.08	10.38	0.29	0.13	0.65	2.05	0.07	0.06	2.44	0.07	0.06	3.83	0.27	0.12	4.72	0.27	0.12	1.06	0.36	0.16	2.49	0.36	0.16	1.03	0.28	0.13	0.13
D73	1.20	2.53	0.08	0.07	1.26	0.15	0.13	5.27	0.31	0.27	10.71	0.62	0.48	0.65	2.70	0.11	0.10	3.11	0.11	0.10	4.52	0.57	0.44	5.41	0.57	0.44	1.74	0.79	0.59	3.17	0.79	0.59	2.25	0.60	0.46	0.17
D74	1.93	3.57	0.09	0.10	1.98	0.10	0.13	3.42	0.08	0.10	5.71	0.20	0.27	0.72	1.81	0.10	0.10	2.42	0.14	0.15	3.94	0.08	0.11	4.82	0.08	0.11	1.71	0.03	0.06	2.96	0.03	0.06	1.13	0.15	0.20	0.10
D75	1.47	4.00	0.22	0.26	2.66	0.24	0.26	4.14	0.13	0.15	3.69	0.47	0.51	0.44	1.65	0.13	0.14	2.39	0.17	0.18	4.12	0.11	0.10	5.01	0.11	0.10	1.65	0.06	0.04	2.98	0.06	0.04	1.11	0.34	0.37	0.14
D77	3.03	3.45	0.04	0.04	0.87	0.03	0.04	1.57	0.05	0.06	16.29	0.10	0.12	0.98	2.85	0.08	0.08	3.10	0.13	0.13	3.93	0.06	0.08	4.81	0.06	0.08	2.72	0.01	0.00	3.62	0.01	0.00	1.86	0.08	0.10	0.02
D78	1.53	4.00	1.07	0.08	5.68	1.46	0.07	8.83	0.47	0.03	3.07	1.97	0.11	0.11	1.28	0.20	0.05	2.35	0.18	0.05	4.74	0.25	0.00	5.63	0.25	0.00	1.28	0.43	0.02	2.94	0.43	0.02	1.12	1.40	0.08	0.19
D82	1.83	2.61	0.04	0.05	1.62	0.08	0.09	5.69	0.12	0.15	8.91	0.25	0.24	0.61	2.02	0.07	0.08	2.54	0.08	0.08	4.12	0.22	0.20	5.01	0.22	0.20	1.24	0.33	0.29	2.70	0.33	0.29	1.30	0.24	0.22	0.16
D84	2.35	3.36	0.08	0.08	1.61	0.08	0.08	2.99	0.08	0.08	8.51	0.18	0.18	0.84	2.07	0.10	0.09	2.59	0.15	0.14	3.96	0.08	0.07	4.84	0.08	0.07	1.91	0.03	0.02	3.09	0.03	0.02	1.32	0.14	0.14	0.07
D85	2.06	3.31	0.11	0.12	4.23	0.29	0.30	8.04	0.12	0.12	5.01	0.48	0.48	0.30	1.31	0.10	0.10	2.25	0.10	0.10	4.46	0.22	0.22	5.35	0.22	0.22	1.13	0.51	0.50	2.74	0.51	0.50	1.09	0.37	0.37	0.16
D87	2.89	2.98	0.07	0.06	1.11	0.09	0.08	2.54	0.14	0.12	10.20	0.26	0.24	0.85	2.08	0.09	0.09	2.43	0.13	0.13	3.56	0.19	0.18	4.44	0.19	0.18	1.72	0.07	0.07	2.83	0.07	0.07	0.96	0.23	0.21	0.06
D89	0.80	3.06	0.34	0.42	0.14	0.08	0.10	0.31	0.76	0.93	6.29	1.03	1.26	0.98	3.39	0.25	0.27	2.86	4.99	5.54	2.19	0.90	1.10	3.07	0.90	1.10	3.08	0.41	0.51	3.29	0.41	0.51	0.33	0.97	1.18	0.01
D92	2.38	2.31	0.03	0.04	1.48	0.06	0.11	15.16	0.25	0.35	13.75	0.31	0.64	0.48	2.24	0.06	0.08	2.72	0.04	0.05	4.45	0.29	0.62	5.33	0.29	0.62	0.28	1.32	2.91	2.17	1.32	2.91	1.55	0.30	0.63	0.26
D95	0.91	2.60	0.07	0.09	1.54	0.13	0.17	5.51	0.22	0.28	7.95	0.39	0.51	0.59	2.52	0.10	0.11	3.02	0.10	0.11	4.56	0.34	0.44	5.45	0.34	0.44	1.71	0.47	0.62	3.17	0.47	0.62	2.19	0.36	0.48	0.23
D98	1.90	2.83	0.05	0.06	1.03	0.06	0.09	2.68	0.11	0.14	19.14	0.18	0.27	0.89	3.21	0.07	0.09	3.53	0.09	0.12	4.63	0.14	0.23	5.52	0.14	0.23	2.73	0.05	0.11	3.86	0.05	0.11	3.30	0.16	0.25	0.05
D99	1.87	2.54	0.04	0.04	0.78	0.06	0.05	3.16	0.17	0.16	17.79	0.32	0.26	0.80	3.20	0.05	0.05	3.40	0.06	0.05	4.38	0.30	0.24	5.27	0.30	0.24	2.26	0.20	0.15	3.47	0.20	0.15	2.41	0.31	0.25	0.07
D101	2.53	3.82	0.10	0.13	1.56	0.11	0.13	2.52	0.09	0.11	7.17	0.25	0.30	0.88	2.01	0.11	0.12	2.52	0.18	0.20	3.81	0.09	0.11	4.69	0.09	0.11	1.98	0.02	0.01	3.09	0.02	0.01	1.19	0.19	0.23	0.06
D102	2.08	2.84	0.11	0.13	1.81	0.20	0.21	4.68	0.22	0.25	5.97	0.47	0.48	0.58	1.50	0.12	0.12	2.06	0.14	0.15	3.65	0.34	0.34	4.54	0.34	0.34	1.02	0.38	0.37	2.40	0.38	0.37	0.77	0.41	0.42	0.16
D108	1.05	2.89	0.08	0.11	1.49	0.12	0.13	3.68	0.15	0.19	9.89	0.30	0.31	0.77	2.77	0.10	0.12	3.26	0.14	0.15	4.66	0.22	0.21	5.55	0.22	0.21	2.34	0.17	0.13	3.62	0.17	0.13	2.84	0.26	0.27	0.12
D113	2.03	2.30	0.06	0.03	1.19	0.13	0.08	13.14	0.56	0.29	9.16	0.90	0.59	0.44	2.03	0.09	0.06	2.42	0.06	0.04	3.97	0.88	0.57	4.86	0.88	0.57	-0.01	3.47	2.32	1.82	3.47	2.32	0.98	0.89	0.58	0.30
D116	2.93	2.76	0.04	0.05	1.37	0.08	0.08	3.85	0.10	0.12	11.09	0.23	0.22	0.76	2.00	0.08	0.08	2.45	0.10	0.10	3.82	0.19	0.18	4.71	0.19	0.18	1.44	0.17	0.15	2.74	0.17	0.15	1.08	0.21	0.20	0.08
D118	3.31	2.98	0.05	0.03	1.46	0.07	0.04	3.35	0.08	0.05	9.23	0.17	0.09	0.79	1.73	0.08	0.06	2.21	0.11	0.08	3.57	0.12	0.06	4.46	0.12	0.06	1.37	0.07	0.04	2.61	0.07	0.04	0.84	0.14	0.08	0.07
D120	2.67	3.05	0.04	0.04	1.15	0.04	0.04	2.52	0.06	0.06	14.06	0.10	0.11	0.90	2.55	0.06	0.07	2.93	0.09	0.11	4.07	0.06	0.07	4.95	0.06	0.07	2.24	0.01	0.02	3.35	0.01	0.02	1.74	0.08	0.09	0.05
D121	2.12	3.39	0.07	0.09	2.34	0.10	0.13	4.30	0.07	0.09	7.39	0.19	0.25	0.71	1.92	0.09	0.09	2.60	0.11	0.12	4.29	0.09	0.11	5.18	0.09	0.11	1.77	0.08	0.09	3.11	0.08	0.09	1.48	0.15	0.19	0.09
D130	1.91	3.21	0.06	0.07	1.87	0.09	0.11	3.72	0.08	0.09	9.71	0.18	0.22	0.81	2.30	0.08	0.09	2.88	0.11	0.12	4.41	0.10	0.12	5.30	0.10	0.12	2.08	0.07	0.09	3.36	0.07	0.09	1.97	0.15	0.18	0.08
D131	2.21	2.70	0.06	0.07	1.14	0.09	0.11	3.47	0.16	0.19	7.87	0.30	0.36	0.71	1.90	0.09	0.10	2.27	0.11	0.11	3.51	0.26	0.31	4.39	0.26	0.31	1.26	0.19	0.23	2.51	0.19	0.23	0.81	0.28	0.34	0.12
D132	2.13	2.65	0.12	0.12	1.07	0.19	0.17	3.52	0.37	0.36	7.71	0.69	0.62	0.69	1.93	0.12	0.12	2.26	0.13	0.14	3.47	0.61	0.54	4.36	0.61	0.54	1.21	0.46	0.40	2.47	0.46	0.40	0.78	0.65	0.58	0.13
D133	2.53	3.14	0.06	0.05	1.48	0.08	0.06	3.07	0.09	0.07	7.40	0.18	0.14	0.79	1.76	0.09	0.08	2.24	0.12	0.11	3.58	0.11	0.08	4.47	0.11	0.08	1.50	0.05	0.04	2.70	0.05	0.04	0.87	0.15	0.11	0.09
D142	2.86	2.82	0.05	0.07	2.42	0.14	0.14	6.39	0.11	0.13	6.34	0.31	0.29	0.50	1.18	0.09	0.09	1.87	0.09	0.09	3.72	0.23	0.20	4.61	0.23	0.20	0.68	0.43	0.34	2.20	0.43	0.34	0.67	0.28	0.25	0.16
D147	3.59	3.34	0.07	0.05	1.84	0.11	0.07	3.45	0.09	0.06	8.14	0.23	0.16	0.80	1.61	0.09	0.08	2.18	0.13	0.11	3.67	0.12	0.08	4.56	0.12	0.08	1.44	0.08	0.06	2.68	0.08	0.06	0.87	0.19	0.13	0.07
D153	2.52	3.65	0.25	0.30	2.55	0.37	0.42	4.30	0.22	0.25	4.25	0.70	0.81	0.49	1.21	0.16	0.17	1.93	0.20	0.22	3.66	0.26	0.29	4.54	0.26	0.29	1.13	0.23	0.24	2.48	0.23	0.24	0.67	0.53	0.61	0.12
D155	1.53	2.60	0.11	0.13	1.62	0.21	0.22	5.82	0.34	0.38	5.45	0.63	0.63	0.48	1.62	0.12	0.13	2.14	0.13	0.13	3.73	0.55	0.53	4.62	0.55	0.53	0.82	0.83	0.77	2.29	0.83	0.77	0.80	0.59	0.58	0.26
D158	2.30	2.98	0.22	0.30	2.67	0.42	0.54	6.12	0.32	0.42	6.23	0.79	0.98	0.51	1.39	0.15	0.17	2.13	0.16	0.18	4.02	0.46	0.56	4.91	0.46	0.56	1.04	0.73	0.86	2.53	0.73	0.86	0.92	0.64	0.79	0.15
D159	2.08	2.93	0.16	0.19	1.37	0.23	0.24	3.26	0.30	0.33	7.64	0.59	0.60	0.75	1.92	0.15	0.15	2.36	0.20	0.21	3.68	0.43	0.42	4.57	0.43	0.42	1.52	0.27	0.24	2.74	0.27	0.24	0.98	0.52	0.52	0.11
D163	1.06	4.00	1.70	0.10	4.53	1.67	0.15	7.04	0.71	0.05	5.91	2.68	0.24	0.41	2.51	0.26	0.07	3.48	0.27	0.08	5.68	0.21	0.05	6.56	0.21	0.05	2.51	0.03	0.08	4.07	0.03	0.08	4.23	1.90	0.17	0.11
D165	3.06	2.53	0.03	0.03	0.43	0.04	0.04	1.78	0.16	0.16	13.86	0.35	0.35	0.83	2.81	0.09	0.09	2.75	0.15	0.15	3.22	0.34	0.34	4.11	0.34	0.34	1.85	0.09	0.09	2.81	0.09	0.09	0.75	0.34	0.34	0.04
D166	2.54	2.80	0.07	0.05	1.14	0.10	0.07	3.06	0.16	0.12	9.39	0.29	0.20	0.78	2.02	0.09	0.08	2.39	0.12	0.09	3.59	0.24	0.16	4.47	0.24	0.16	1.51	0.14	0.09	2.70	0.14	0.09	0.93	0.27	0.18	0.09
D167	1.59	2.63	0.11	0.13	1.83	0.24	0.27	6.23	0.32	0.37	5.29	0.66	0.72	0.45	1.52	0.12	0.13	2.09	0.13	0.13	3.77	0.55	0.60	4.66	0.55	0.60	0.77	0.94	1.00	2.27	0.94	1.00	0.79	0.61	0.66	0.27
D169	3.40	2.94	0.06	0.07	1.06	0.08	0.09	2.52	0.12	0.14	9.37	0.22	0.28	0.84	1.83	0.09	0.10	2.17	0.12	0.15	3.27	0.17	0.22	4.16	0.17	0.22	1.45	0.06	0.09	2.56	0.06	0.09	0.70	0.19	0.25	0.06
D177	3.57	3.44	0.03	0.06	1.43	0.03	0.06	2.58	0.03	0.07	10.58	0.07	0.15	0.91	2.04	0.06	0.09	2.51	0.09	0.14	3.77	0.03	0.08	4.65	0.03	0.08	1.91	0.00	0.02	3.03	0.00	0.02	1.16	0.05	0.12	0.04
D183	2.76	2.67	0.04	0.06	1.43	0.05	0.10	4.55	0.10	0.16	11.16	0.15	0.30	0.72	2.01	0.07	0.08	2.47	0.08	0.10	3.92	0.12	0.25	4.81	0.12	0.25	1.32	0.11	0.27	2.69	0.11	0.27	1.14	0.13	0.27	0.10
D187	3.57	3.24	0.08	0.07	0.47	0.06	0.05	0.93	0.16	0.14	13.69	0.25	0.22	0.98	2.61	0.07	0.08	2.60	0.38	0.33	2.93	0.20	0.17	3.82	0.20	0.17	2.40	0.05	0.04	3.08	0.05	0.04	0.72	0.22	0.20	0.01
D188	2.37	4.00	0.15	0.20	1.05	0.08	0.10	1.63	0.11	0.14	7.37	0.26	0.33	0.95	2.21	0.15	0.17	2.54	0.29	0.33	3.47	0.07	0.08	4.35	0.07	0.08	2.21	0.03	0.05	3.13	0.03	0.05	1.05	0.19	0.24	0.04
D199	1.30	4.00	0.31	0.45	1.20	0.15	0.21	1.86	0.19	0.27	17.38	0.50	0.71	0.99	3.84	0.20	0.24	4.23	0.37	0.45	5.27	0.10	0.13	6.15	0.10	0.13	3.84	0.07	0.10	4.82	0.07	0.10	7.73	0.36	0.51	0.03
D201	1.56	2.82	0.09	0.07	1.51	0.15	0.10	3.97	0.19	0.14	5.75	0.38	0.23	0.62	1.76	0.11	0.09	2.25	0.13	0.11	3.69	0.29	0.16	4.58	0.29	0.16	1.27	0.26	0.13	2.58	0.26	0.13	0.89	0.34	0.20	0.18
D223	2.05	2.51	0.05	0.05	0.45	0.06	0.06	1.96	0.26	0.26	25.43	0.52	0.52	0.86	3.89	0.09	0.09	3.85	0.20	0.20	4.37	0.51	0.51	5.26	0.51	0.51	2.88	0.16	0.16	3.88	0.16	0.16	2.75	0.52	0.52	0.04
D226	2.27	3.50	0.06	0.10	0.68	0.05	0.07	1.21	0.09	0.13	16.44	0.15	0.22	0.99	3.18	0.08	0.12	3.33	0.06	0.17	3.93	0.09	0.13	4.82	0.09	0.13	3.06	0.02	0.04	3.86	0.02	0.04	2.11	0.13	0.18	0.02
D230	2.99	3.05	0.05	0.05	0.57	0.04	0.04	1.24	0.11	0.11	19.58	0.18	0.18	0.97	3.15	0.06	0.06	3.22	0.20	0.20	3.74	0.15	0.15	4.63	0.15	0.15	2.84	0.01	0.01	3.64	0.01	0.01	1.63	0.16	0.16	0.02
D236	3.11	3.59	0.07	0.09	1.11	0.06	0.08	1.90	0.08	0.10	15.66	0.16	0.20	0.97	2.78	0.10	0.10	3.14	0.17	0.18	4.15	0.07	0.09	5.03	0.07	0.09	2.69	0.00	0.01	3.68	0.00	0.01	2.15	0.12	0.16	0.03
D237	2.56	2.62	0.08	0.07	0.74	0.09	0.07	2.57	0.26	0.22	7.99	0.43	0.33	0.74	1.98	0.09	0.09	2.16	0.05	0.04	3.07	0.39	0.30	3.95	0.39	0.30	1.22	0.16	0.11	2.34	0.16	0.11	0.56	0.41	0.32	0.09
D238	3.78	3.72	0.08	0.07	1.63	0.07	0.07	2.70	0.07	0.06	8.90	0.17	0.15	0.90	1.89	0.10	0.09	2.42	0.15	0.14	3.75	0.06	0.05	4.64	0.06	0.05	1.83	0.01	0.01	2.97	0.01	0.01	1.07	0.13	0.11	0.04
D245	2.55	2.79	0.08	0.05	1.52	0.12	0.08	4.16	0.17	0.11	4.94	0.31	0.22	0.56	1.15	0.10	0.08	1.65	0.12	0.10	3.11	0.24	0.17	3.99	0.24	0.17	0.63	0.21	0.16	1.96	0.21	0.16	0.44	0.28	0.19	0.17
D253	2.18	2.34	0.05	0.04	0.91	0.09	0.06	7.69	0.39	0.30	14.15	0.72	0.45	0.59	2.65	0.08	0.06	2.92	0.05	0.03	4.19	0.70	0.44	5.08	0.70	0.44	0.91	1.53	0.92	2.51	1.53	0.92	1.50	0.71	0.44	0.18
D258	2.23	3.06	0.25	0.30	2.38	0.47	0.52	5.16	0.36	0.41	4.11	0.91	1.00	0.41	1.03	0.17	0.18	1.72	0.20	0.21	3.48	0.53	0.56	4.37	0.53	0.56	0.72	0.67	0.70	2.15	0.67	0.70	0.54	0.75	0.81	0.19
D261	2.94	3.13	0.13	0.14	1.93	0.18	0.22	4.01	0.17	0.19	7.37	0.37	0.45	0.71	1.54	0.12	0.13	2.14	0.16	0.17	3.71	0.20	0.26	4.59	0.20	0.26	1.28	0.16	0.21	2.59	0.16	0.21	0.84	0.30	0.37	0.09
D264	1.86	4.00	0.47	0.10	3.82	0.41	0.10	5.94	0.20	0.04	4.08	0.74	0.17	0.32	1.54	0.15	0.07	2.44	0.17	0.08	4.48	0.06	0.02	5.37	0.06	0.02	1.54	0.01	0.01	3.02	0.01	0.01	1.23	0.52	0.12	0.13
D265	2.58	2.76	0.08	0.08	0.95	0.11	0.11	2.69	0.21	0.21	8.82	0.37	0.38	0.78	2.00	0.09	0.10	2.29	0.10	0.12	3.35	0.31	0.32	4.24	0.31	0.32	1.44	0.14	0.15	2.58	0.14	0.15	0.76	0.34	0.35	0.08
D271	1.47	4.00	0.87	0.10	3.37	0.65	0.12	5.24	0.36	0.06	3.88	1.32	0.22	0.35	1.69	0.21	0.08	2.53	0.25	0.10	4.47	0.09	0.05	5.35	0.09	0.05	1.69	0.08	0.04	3.12	0.08	0.04	1.35	0.94	0.16	0.14
D273	1.97	3.12	0.20	0.27	2.30	0.32	0.41	4.80	0.25	0.33	5.66	0.60	0.77	0.56	1.53	0.14	0.16	2.20	0.17	0.20	3.92	0.32	0.39	4.81	0.32	0.39	1.26	0.34	0.40	2.65	0.34	0.40	0.94	0.48	0.61	0.15
D284	2.70	2.66	0.06	0.06	0.38	0.05	0.05	1.23	0.22	0.22	12.93	0.38	0.38	0.89	2.89	0.08	0.08	2.78	0.38	0.38	3.08	0.36	0.36	3.97	0.36	0.36	2.19	0.00	0.00	2.99	0.00	0.00	0.71	0.37	0.37	0.03
D289	3.90	2.69	0.04	0.07	0.69	0.06	0.09	2.13	0.14	0.22	9.82	0.28	0.42	0.82	1.92	0.06	0.08	2.06	0.09	0.11	2.87	0.27	0.38	3.76	0.27	0.38	1.26	0.10	0.12	2.30	0.10	0.12	0.48	0.27	0.40	0.05
D296	1.25	4.00	1.32	2.16	2.82	0.95	1.47	4.38	0.60	0.95	10.55	2.07	3.32	0.85	3.21	0.29	0.36	3.97	0.37	0.47	5.75	0.21	0.29	6.64	0.21	0.29	3.21	0.09	0.21	4.56	0.09	0.21	7.07	1.47	2.35	0.05
D303	3.20	3.89	0.10	0.09	2.05	0.12	0.10	3.27	0.08	0.07	8.79	0.25	0.21	0.87	2.09	0.10	0.09	2.72	0.15	0.14	4.24	0.08	0.06	5.12	0.08	0.06	2.07	0.04	0.02	3.30	0.04	0.02	1.59	0.18	0.16	0.05
D304	2.47	3.99	0.51	0.76	2.34	0.60	0.79	3.64	0.36	0.49	4.24	1.22	1.63	0.57	1.40	0.22	0.26	2.08	0.31	0.36	3.70	0.34	0.41	4.59	0.34	0.41	1.40	0.18	0.17	2.67	0.18	0.17	0.77	0.89	1.19	0.10
D306	2.46	2.38	0.09	0.11	1.24	0.19	0.20	8.50	0.57	0.67	7.34	1.01	0.99	0.47	1.61	0.11	0.12	2.01	0.09	0.09	3.52	0.97	0.94	4.40	0.97	0.94	0.11	2.37	2.23	1.75	2.37	2.23	0.62	0.99	0.97	0.29
D309	2.54	4.00	0.33	0.42	1.22	0.19	0.25	1.90	0.22	0.29	5.45	0.56	0.73	0.89	1.76	0.20	0.23	2.16	0.38	0.42	3.21	0.14	0.18	4.10	0.14	0.18	1.76	0.06	0.08	2.74	0.06	0.08	0.71	0.41	0.53	0.05
D330	1.82	2.57	0.07	0.07	0.51	0.08	0.08	1.93	0.30	0.30	23.68	0.56	0.56	0.88	3.83	0.05	0.05	3.85	0.26	0.26	4.45	0.54	0.54	5.33	0.54	0.54	2.97	0.15	0.15	3.96	0.15	0.15	3.03	0.55	0.55	0.04

